144
204
78
127
239
107
13
159
217
253
137
233
116
215
129
227
97
109
214
198
199
5
221
255
170
155
230
248
8
156
188
51
125
236
94
235
226
75
180
251
108
40
241
152
191
245
96
9
147
87
82
166
101
59
237
43
39
72
197
100
247
93
178
105
115
238
150
76
148
179
77
102
163
27
246
254
48
54
194
44
1
89
4
151
219
122
243
53
133
169
104
249
200
11
171
20
24
124
131
99
25
174
193
220
15
80
114
209
184
61
229
28
58
23
225
47
186
67
123
38
250
203
66
157
175
111
138
228
18
149
206
154
190
232
81
29
119
140
118
69
79
56
211
136
31
41
98
242
223
63
168
57
176
21
37
106
187
74
165
126
202
62
222
70
46
172
231
68
196
135
19
173
130
112
153
110
146
162
52
120
208
244
55
181
35
22
45
50
73
252
7
192
195
32
49
0
14
205
160
2
90
84
141
17
183
12
145
142
3
158
36
91
103
64
189
85
113
224
234
207
86
30
42
95
210
6
143
134
16
88
92
164
60
212
33
177
83
10
182
185
128
117
132
216
26
121
139
71
201
161
34
65
240
167
213
218
