132
118
241
72
108
82
240
115
197
19
189
209
0
92
155
137
45
224
60
114
203
144
61
157
98
160
153
36
20
16
3
7
90
142
63
129
58
88
112
184
243
204
24
77
85
247
207
124
28
186
48
67
173
156
146
12
251
99
225
4
119
53
136
9
236
101
76
78
105
33
141
135
10
66
111
165
199
253
69
123
201
198
190
217
38
103
182
91
140
44
55
102
171
97
8
5
216
181
14
206
31
212
130
239
25
43
126
26
32
18
218
205
21
122
147
70
138
220
139
223
246
51
23
64
196
213
193
158
39
120
145
161
104
226
57
89
29
109
169
84
52
179
94
152
56
62
80
248
71
6
151
168
46
232
230
245
174
175
117
11
191
195
222
59
35
221
96
164
178
228
116
227
86
176
54
47
170
81
34
255
113
177
74
234
42
215
242
134
30
188
192
95
40
180
200
235
107
22
210
237
183
50
133
159
79
27
143
150
162
1
167
100
254
41
93
49
244
233
231
208
172
65
202
121
229
149
211
249
17
214
219
187
131
2
128
75
127
250
252
194
13
185
238
125
148
68
83
166
73
163
37
106
154
87
15
110
