15
79
45
127
252
138
212
183
234
4
180
132
14
177
225
11
206
146
198
140
82
42
203
255
139
218
128
49
25
211
112
188
179
46
242
97
194
104
216
141
106
136
205
93
76
237
8
131
30
172
124
69
250
44
244
118
251
115
201
150
245
88
186
21
81
157
222
111
27
74
226
217
60
64
229
134
43
126
151
169
171
227
230
73
142
117
39
236
210
53
221
254
223
161
16
123
38
28
47
71
181
175
10
207
241
89
68
98
3
12
92
154
246
243
192
75
125
108
105
40
109
26
63
168
70
209
160
113
87
1
164
156
55
152
114
116
35
52
36
162
19
174
17
178
59
24
224
130
249
22
96
202
155
148
78
33
72
248
91
9
120
184
56
215
107
238
48
193
200
182
190
176
239
66
121
145
253
119
204
32
95
86
77
129
247
18
185
208
103
6
191
137
100
2
5
147
20
54
29
90
34
219
167
23
149
170
51
41
240
65
153
61
231
84
144
57
228
187
0
233
85
197
31
195
67
37
13
220
101
122
133
50
80
166
99
7
213
143
196
62
232
158
94
135
58
214
110
235
163
173
199
83
189
159
102
165
