91
61
21
187
64
77
70
124
102
255
18
227
155
210
108
237
71
166
170
153
189
83
100
199
150
219
127
22
133
222
90
92
12
197
184
220
43
186
35
245
66
247
159
16
113
185
154
246
209
161
67
236
225
198
48
17
78
37
53
0
142
152
141
51
2
204
24
109
29
14
188
45
229
157
144
217
249
203
252
103
88
72
242
216
221
148
20
89
116
46
149
190
120
205
69
214
250
59
41
191
47
33
80
194
58
65
137
49
130
13
94
50
224
95
25
213
126
147
30
173
119
136
239
206
42
241
1
132
223
39
52
238
131
175
62
4
110
121
163
56
196
172
208
40
63
178
118
15
82
57
97
8
254
212
19
23
74
105
234
10
181
44
128
211
231
9
75
168
145
139
177
182
169
55
28
146
192
117
207
26
230
79
235
202
253
180
27
200
98
138
243
129
218
107
31
112
248
34
6
122
54
164
96
240
162
7
244
179
111
60
85
151
104
114
84
232
123
228
215
32
195
81
165
87
134
36
101
140
93
233
11
156
171
201
158
125
160
5
106
38
183
193
68
3
115
73
76
176
226
135
174
167
251
143
99
86
