139
94
213
67
215
225
17
223
197
243
62
85
48
234
42
98
72
39
121
68
168
142
185
102
60
61
14
113
108
9
151
192
135
250
147
227
210
237
87
138
114
37
220
177
156
252
45
78
212
36
190
73
7
169
93
123
128
29
184
195
51
174
159
64
89
196
191
254
214
230
27
244
129
153
229
116
25
59
43
118
80
149
133
194
91
30
99
157
6
202
235
198
238
134
100
104
8
170
228
122
242
240
182
103
161
75
233
19
83
117
136
255
20
204
109
52
126
207
65
175
232
24
181
79
241
199
178
143
183
218
46
150
154
217
110
137
193
187
208
66
97
179
148
55
146
57
34
127
70
249
16
251
107
164
10
71
31
40
23
160
253
15
201
171
2
200
69
247
63
111
163
203
53
92
144
236
84
76
246
3
58
96
221
0
41
222
21
189
231
101
173
105
120
4
44
239
47
5
130
167
141
33
54
32
106
115
248
26
77
12
152
206
81
28
88
132
56
22
211
125
49
1
95
124
38
131
224
50
186
112
119
35
172
245
188
205
86
209
155
165
166
158
145
180
11
216
90
140
176
219
226
82
162
13
74
18
