132
167
101
66
155
226
7
232
17
205
27
244
238
146
39
123
229
141
179
215
136
203
74
43
45
156
221
157
192
68
176
144
23
223
84
202
186
142
127
251
228
184
82
85
26
0
218
33
153
246
51
77
113
115
24
210
30
118
71
214
255
177
230
120
190
13
21
159
69
58
1
11
126
178
196
117
87
38
237
67
53
9
122
90
216
193
20
95
4
173
60
61
172
73
106
241
147
42
119
56
234
145
188
139
222
160
185
194
152
183
72
254
52
14
150
227
248
169
233
31
36
181
249
195
200
165
63
44
55
2
3
133
75
57
29
19
211
47
48
180
18
88
112
189
174
199
154
107
239
65
231
207
96
151
22
250
125
137
198
175
37
114
240
161
149
103
130
80
59
182
41
99
111
213
110
247
128
15
164
12
134
104
191
212
208
98
206
6
100
40
170
46
197
166
143
252
148
34
121
220
162
245
236
86
97
94
49
171
16
32
116
105
217
109
168
62
224
209
102
5
76
35
64
93
83
8
135
253
242
54
91
70
79
235
187
25
225
138
140
158
129
81
219
89
92
163
50
204
78
201
124
28
10
131
243
108
