21
23
132
197
92
234
53
178
14
176
95
115
79
35
16
151
127
191
48
74
185
12
206
146
169
13
235
187
56
71
181
55
196
175
0
126
251
93
171
99
215
203
247
161
121
165
91
104
29
118
205
164
25
60
129
94
77
137
33
108
18
84
230
67
162
10
114
11
160
59
210
103
166
192
34
4
135
134
6
168
213
218
63
219
125
96
186
158
224
155
9
120
202
204
41
44
150
2
140
65
128
66
136
246
195
179
174
221
201
39
133
254
250
83
152
233
105
138
184
180
102
68
142
82
153
110
200
8
143
253
173
43
244
27
80
144
228
231
190
87
124
170
112
72
32
107
183
237
22
90
163
148
113
209
236
122
145
199
147
57
31
24
3
229
216
85
88
214
193
15
75
106
211
1
188
81
123
182
232
49
45
40
198
101
111
73
217
156
69
239
222
212
61
252
5
241
154
86
245
248
70
255
109
131
100
141
47
172
157
119
189
117
207
139
130
98
38
220
52
159
30
62
149
226
194
20
46
19
51
42
208
64
54
177
240
116
97
225
26
37
238
249
78
243
76
242
28
227
17
7
223
36
58
167
50
89
