54
77
235
63
107
140
129
179
135
221
47
117
164
161
153
42
108
21
69
134
32
210
114
183
188
189
84
15
191
70
162
222
223
224
132
113
148
136
200
244
228
95
187
141
79
219
181
211
158
212
156
233
81
7
20
246
96
243
131
89
94
16
175
154
41
159
192
13
53
19
199
215
143
177
8
227
247
185
31
51
123
78
128
142
137
197
236
214
43
152
186
182
139
155
230
229
127
157
234
72
103
4
225
146
46
202
242
39
59
75
27
145
201
62
133
251
195
5
163
68
178
30
126
204
61
165
250
122
0
168
12
232
150
240
208
64
55
198
254
166
255
118
86
74
36
18
10
121
28
38
24
93
245
40
120
196
37
50
65
57
206
82
87
106
226
56
239
115
149
248
151
66
1
91
111
45
17
76
26
237
184
100
60
110
85
169
207
167
88
238
138
9
3
14
218
116
67
83
209
98
193
220
119
6
124
241
109
97
33
171
180
101
35
194
176
25
102
23
11
174
22
172
249
125
52
205
44
104
99
2
203
190
216
80
217
252
58
147
231
173
253
73
34
112
49
213
29
71
160
92
144
105
170
130
48
90
