4
255
220
230
13
105
131
160
167
10
38
243
100
123
49
14
25
95
213
58
154
153
81
7
36
181
30
63
56
169
78
233
6
192
232
103
39
184
146
117
227
101
43
0
237
31
87
79
156
168
254
147
54
52
92
194
252
175
142
17
90
85
118
246
137
8
174
215
47
171
50
212
97
210
28
199
206
108
241
162
226
247
86
207
190
128
239
245
21
218
222
60
68
106
141
136
83
208
191
130
134
9
196
48
102
57
176
88
33
125
115
16
214
53
187
200
26
209
112
145
67
59
228
109
98
116
66
104
34
126
211
144
18
122
242
80
161
244
11
165
182
107
224
24
163
172
19
62
111
64
44
77
2
201
157
185
20
72
139
225
221
74
55
45
204
170
164
155
82
135
121
231
195
178
96
149
158
248
120
150
32
99
188
110
140
180
129
94
186
189
89
234
3
12
1
114
223
179
93
23
205
238
203
22
197
240
216
152
219
70
15
40
5
133
71
35
124
27
46
151
198
42
143
41
138
119
159
193
202
236
113
132
127
91
250
217
29
148
229
69
173
183
65
75
251
177
253
84
76
166
235
61
73
249
37
51
