242
7
240
9
107
75
122
13
45
201
17
91
246
182
176
208
223
77
89
230
28
79
29
255
214
51
199
180
194
207
60
26
109
181
148
235
178
245
72
15
143
64
20
73
32
212
1
90
144
210
111
190
231
243
43
61
84
254
12
234
236
31
219
161
218
184
146
215
6
202
135
66
71
163
132
169
68
125
172
82
185
249
63
124
175
41
173
162
69
62
216
217
30
16
166
133
34
171
160
49
150
36
224
155
113
55
129
11
221
123
67
74
151
33
115
167
197
100
145
118
244
93
137
14
37
164
108
119
3
188
191
92
250
46
70
227
22
187
154
58
52
226
8
116
136
95
179
252
225
147
165
76
57
237
200
103
106
24
220
40
56
228
87
153
139
131
177
157
2
18
88
205
130
65
80
239
204
120
192
142
105
141
112
114
5
152
232
222
19
211
97
48
174
138
186
101
238
4
126
206
96
21
0
54
50
27
85
251
110
127
203
86
121
102
241
38
213
81
193
198
78
25
158
233
209
183
253
94
59
10
42
47
23
170
140
229
104
99
117
39
168
248
83
149
134
247
196
98
156
159
44
35
53
189
128
195
