39
178
92
13
78
3
212
111
146
15
112
186
11
27
140
230
164
71
10
79
80
128
46
120
14
254
199
77
6
179
104
246
252
169
116
131
95
7
214
163
143
82
241
134
160
135
255
234
210
166
216
228
244
103
182
141
42
193
137
114
58
184
55
226
9
175
62
231
57
150
190
237
75
68
251
47
99
115
133
12
105
239
248
221
206
188
171
123
208
35
151
16
177
19
69
243
106
238
73
138
28
155
18
176
217
245
235
250
240
148
86
54
76
225
223
126
102
64
43
97
0
162
117
198
108
161
63
207
187
132
247
100
67
220
189
53
124
90
159
51
158
229
52
233
149
48
167
153
32
81
147
31
129
60
183
242
88
36
154
121
152
181
17
144
215
101
74
1
49
205
200
253
130
61
118
89
197
174
127
119
34
20
65
2
50
93
25
209
98
33
37
72
56
38
219
156
40
196
113
139
26
236
122
185
45
125
29
213
165
5
172
168
8
110
94
180
204
41
145
195
30
203
85
211
249
91
201
109
84
232
4
157
23
96
227
21
59
136
24
194
87
70
202
192
218
44
224
66
22
191
173
142
222
170
107
83
