11
141
29
212
73
242
113
114
144
116
244
79
160
108
128
240
195
67
177
157
236
105
143
123
193
246
9
201
68
241
164
154
166
178
111
47
172
21
15
61
46
54
65
208
203
198
89
148
131
59
179
38
107
43
155
136
86
182
121
228
168
187
99
28
0
71
163
95
249
255
10
82
245
90
125
3
146
176
12
194
75
84
77
214
252
57
52
33
2
48
32
235
76
132
78
149
191
22
120
225
122
110
239
25
130
109
103
49
180
16
147
213
4
17
150
45
189
192
181
93
204
234
170
224
215
80
124
162
133
112
62
169
35
171
60
14
118
104
7
119
96
190
152
81
24
19
218
1
188
41
231
233
196
70
137
151
205
232
8
31
23
72
254
127
126
175
230
173
94
58
158
226
197
167
183
238
37
211
66
237
26
44
98
165
186
185
53
251
74
106
247
222
209
223
55
87
18
27
139
34
210
217
64
30
83
42
13
97
219
40
250
115
200
102
159
207
134
88
153
156
161
85
36
50
253
199
248
142
69
56
100
138
51
135
243
229
184
63
39
140
5
174
202
117
91
6
227
220
20
101
129
221
145
206
92
216
