242
80
79
116
154
70
192
150
244
246
205
90
117
87
237
137
107
53
24
75
168
221
118
86
68
121
162
160
23
149
7
176
73
139
247
224
115
111
91
29
144
88
69
216
1
235
84
11
170
236
47
231
187
183
233
143
112
82
55
226
124
28
36
12
223
93
25
62
45
239
181
138
127
234
10
109
254
210
182
215
245
110
169
175
6
44
16
186
203
228
220
148
180
240
99
194
85
83
214
2
130
132
178
77
27
218
191
95
67
9
189
4
14
145
50
193
251
21
241
232
56
230
177
206
190
209
188
128
126
174
157
34
135
106
184
255
52
248
158
35
33
222
43
252
125
249
64
39
46
3
59
201
207
129
51
212
30
253
133
65
142
17
199
165
32
94
20
213
161
166
141
81
63
146
173
211
250
147
164
31
42
208
217
159
8
13
76
152
200
38
153
40
66
172
171
74
60
120
61
134
197
123
103
72
18
114
202
48
37
131
198
140
119
151
22
102
219
195
96
108
49
5
71
136
229
163
15
227
179
98
104
100
78
54
196
101
57
41
167
19
105
243
0
89
26
225
92
204
122
238
155
113
58
185
156
97
