142
220
15
226
44
41
75
239
223
22
242
29
244
192
195
236
101
132
71
163
79
137
37
133
176
27
213
246
111
95
237
219
248
81
8
11
9
229
65
180
123
80
10
117
20
47
178
207
169
193
224
171
172
77
202
164
92
57
128
221
30
124
96
252
173
198
114
121
179
166
127
23
225
247
35
97
56
150
13
228
53
110
109
208
6
14
50
100
5
86
36
196
209
148
104
38
203
146
160
212
238
131
135
74
25
129
214
253
113
251
69
215
141
139
61
240
1
217
32
63
234
102
68
70
190
49
210
175
241
154
21
186
232
143
222
112
254
136
152
72
245
89
45
118
116
3
187
188
52
82
73
205
204
94
28
177
126
0
181
185
159
151
58
55
149
83
120
108
48
140
167
157
122
144
147
54
16
161
155
18
168
130
4
91
33
19
42
235
17
165
39
250
107
200
134
46
115
162
194
90
153
64
60
211
230
184
199
158
191
12
99
183
255
62
59
233
43
34
88
106
231
98
182
138
174
85
145
51
105
243
26
24
170
84
189
67
7
93
227
103
216
201
156
218
31
66
78
40
119
125
197
249
76
206
87
2
