151
129
109
191
107
47
133
12
183
249
242
229
144
167
80
30
52
143
227
41
176
39
204
94
82
201
203
139
71
154
100
218
195
95
150
244
178
15
116
205
90
73
210
50
156
135
182
102
181
111
38
152
121
46
104
165
58
237
175
155
61
99
45
243
86
115
212
197
122
62
141
4
43
103
250
214
186
130
162
192
226
124
200
170
7
159
163
60
209
54
168
142
97
25
140
132
13
180
112
219
190
223
171
157
110
187
16
158
194
153
56
228
148
68
161
164
77
224
117
239
134
169
21
40
105
147
93
202
238
119
173
118
23
120
48
84
9
10
72
160
83
166
247
53
27
37
26
33
89
127
177
19
220
131
222
59
1
57
172
225
230
253
6
199
231
208
198
241
74
193
85
146
255
32
64
79
2
188
78
252
196
44
145
0
35
221
88
215
96
185
236
114
211
235
113
3
69
34
251
136
17
5
75
149
63
91
81
22
138
67
29
123
28
245
108
213
101
42
128
126
87
254
179
18
234
55
11
98
189
20
232
106
36
240
246
76
65
8
92
248
137
233
51
24
14
66
216
125
70
174
49
206
217
31
207
184
