47
97
163
189
58
192
212
75
33
178
6
67
162
3
216
219
11
224
236
233
141
199
91
253
164
128
50
84
190
100
214
143
31
156
144
112
120
133
149
194
150
26
240
226
239
18
72
244
176
38
7
16
204
118
242
200
127
124
45
126
246
94
249
66
29
116
225
230
61
146
254
37
201
220
232
20
57
238
130
12
139
209
28
35
102
56
235
95
245
69
227
218
122
103
105
195
90
186
81
109
36
198
231
221
62
159
15
166
86
106
39
53
153
179
151
5
223
43
54
177
51
101
87
125
173
193
213
32
152
49
196
183
247
182
80
154
187
207
157
203
111
191
147
252
205
175
17
85
41
155
217
174
21
181
241
59
197
60
92
98
48
78
206
255
135
137
211
188
1
210
8
115
27
44
34
46
121
9
119
52
131
123
79
243
234
132
88
161
185
19
134
104
129
171
25
71
215
13
83
165
251
0
140
170
89
42
138
222
158
108
14
167
248
237
77
10
114
65
99
96
160
64
184
40
4
23
70
76
68
180
228
74
169
110
73
55
148
168
93
22
30
63
208
202
107
142
172
82
117
136
113
145
2
24
250
229
