246
201
150
214
242
47
210
97
207
225
45
208
34
107
180
41
240
114
241
111
113
38
226
9
143
78
200
142
212
3
244
221
116
81
222
219
139
10
235
79
169
161
35
205
27
20
197
157
123
231
82
220
132
209
80
36
54
118
124
7
75
67
95
85
250
174
16
50
103
1
153
146
204
93
237
5
120
190
233
42
195
119
87
66
199
22
140
15
141
202
109
69
134
115
159
238
243
218
57
206
32
8
29
63
193
163
154
49
173
232
188
55
198
178
182
171
13
88
121
211
37
170
64
133
24
148
102
229
167
99
127
151
26
203
130
89
152
216
77
149
236
12
239
160
223
11
230
168
249
117
196
217
71
129
86
192
213
191
25
30
43
189
138
104
39
53
2
255
31
194
245
144
60
253
59
96
162
158
155
224
44
177
21
166
52
6
70
187
179
14
110
252
18
228
147
56
101
58
90
73
165
19
51
72
183
33
68
84
181
122
105
65
215
137
76
0
145
186
108
94
156
172
62
254
128
247
92
61
136
248
74
175
106
83
100
40
23
251
176
17
91
125
112
131
184
46
126
98
48
227
234
28
135
164
185
4
