41
182
111
79
25
176
11
246
9
148
132
110
167
13
69
112
18
102
109
160
146
10
254
15
180
164
244
31
116
235
70
91
89
93
52
158
23
174
223
252
3
55
42
184
120
125
133
48
212
30
165
248
228
156
139
255
16
194
178
234
196
71
59
208
190
154
88
128
86
63
64
242
203
172
188
29
145
229
47
201
144
50
210
22
105
239
45
173
14
215
94
95
227
198
97
123
124
251
126
75
245
21
243
213
32
225
221
60
7
65
149
44
99
28
136
141
249
122
27
193
179
238
137
195
80
113
74
189
130
162
219
220
170
78
231
62
147
168
134
214
73
56
72
247
226
20
230
216
166
68
129
217
77
33
37
51
67
1
54
205
36
206
240
202
90
187
107
2
171
207
34
17
35
222
131
46
157
197
138
224
175
181
12
159
117
163
0
6
119
87
153
135
143
43
232
104
185
177
101
98
204
140
253
39
233
66
142
169
53
5
57
191
114
151
192
40
115
103
155
108
26
218
118
161
76
237
200
83
38
19
8
58
152
121
183
49
211
236
4
241
84
81
186
24
209
199
100
61
106
82
96
85
150
127
92
250
