172
215
9
196
141
87
146
117
0
102
19
104
193
236
49
80
91
129
160
57
134
169
46
174
36
159
23
244
16
110
3
135
130
13
111
4
17
190
180
25
164
61
123
206
140
10
5
77
58
189
59
175
166
121
65
154
53
8
197
62
252
144
188
210
249
126
156
38
119
115
208
171
118
52
64
230
30
254
221
7
124
245
54
213
184
67
178
177
138
223
220
242
205
231
127
216
235
120
73
145
27
6
253
239
201
78
93
74
218
106
50
137
168
170
147
109
84
15
246
226
33
151
79
51
142
165
20
14
241
182
72
44
45
47
63
56
173
163
148
128
28
55
40
247
48
131
255
191
37
108
139
113
248
214
11
29
71
42
60
95
195
107
194
83
43
200
157
132
167
99
233
152
153
100
2
187
32
162
185
204
143
94
203
227
101
209
21
68
18
35
192
211
150
114
69
105
31
88
133
176
98
179
225
66
250
219
22
158
186
112
183
207
86
202
232
97
181
149
229
222
234
75
243
41
228
251
240
92
89
199
217
212
136
34
122
81
76
85
39
237
26
125
238
1
90
70
82
12
116
24
103
155
224
96
198
161
