188
40
79
240
9
205
244
239
147
179
121
140
50
118
112
127
214
216
230
254
105
92
250
39
102
31
101
228
48
169
11
248
219
231
77
7
212
158
27
45
63
115
144
26
58
82
165
152
36
123
148
46
176
157
96
89
160
203
13
186
75
93
196
139
246
192
8
73
68
175
30
197
178
18
180
43
125
130
109
136
34
209
236
106
237
104
20
155
131
173
91
243
232
227
122
182
100
222
14
124
145
190
114
65
54
52
78
255
202
116
208
111
253
177
113
132
225
129
120
238
94
252
83
74
150
168
172
32
0
80
217
162
193
35
170
1
166
17
42
87
3
24
206
67
198
221
6
200
59
4
220
213
69
199
38
134
12
5
90
117
235
15
207
185
245
138
84
226
191
2
28
210
159
95
107
161
187
70
223
167
61
99
86
71
242
151
233
66
85
22
37
164
171
184
62
128
137
56
98
108
251
16
241
234
229
156
23
153
119
249
81
247
57
154
60
204
142
110
133
55
51
189
76
135
29
146
44
224
143
10
33
174
103
47
181
53
211
19
88
195
218
21
126
183
141
41
201
25
72
49
97
64
149
194
215
163
