240
176
105
227
219
182
107
178
9
47
96
170
11
242
113
121
180
244
187
77
67
162
144
103
195
87
90
25
139
99
132
212
31
146
208
5
229
184
154
255
91
238
92
61
1
75
109
228
216
214
254
232
141
152
51
45
89
177
192
19
181
203
206
167
221
166
8
55
248
118
70
191
223
235
169
44
108
164
150
81
147
26
234
134
23
163
74
205
80
241
122
243
201
193
140
220
157
218
174
7
33
94
50
251
153
83
20
10
37
202
13
24
64
116
156
36
34
236
245
123
28
200
124
117
143
230
41
185
128
110
3
29
46
6
82
43
189
155
59
149
217
15
114
73
62
125
93
252
112
175
48
250
88
142
32
249
194
100
190
160
210
60
120
106
207
222
237
247
168
171
98
49
231
215
57
137
68
138
85
84
188
0
97
66
211
17
165
186
58
148
253
71
52
22
12
79
27
225
115
42
173
213
72
129
39
95
145
159
179
111
14
4
69
233
40
102
54
21
209
197
135
119
226
76
86
172
2
151
199
239
56
63
196
136
104
158
18
101
246
183
224
35
78
53
30
161
198
38
130
65
127
126
16
204
131
133
