228
57
199
204
233
121
210
45
182
28
16
203
69
33
31
68
128
43
119
4
229
85
190
149
34
159
186
151
76
96
26
38
120
237
236
156
106
24
238
11
58
8
42
22
114
53
74
244
125
164
234
138
97
2
6
248
101
5
191
198
242
205
27
253
239
86
143
179
94
187
200
50
218
157
184
170
46
219
39
250
108
88
165
79
171
117
174
110
103
95
254
1
136
133
109
112
144
0
211
202
82
73
192
116
222
172
168
206
65
122
207
246
251
189
107
232
155
75
209
216
231
18
19
92
227
15
212
13
29
146
32
131
221
129
72
134
124
181
147
41
62
183
193
241
104
118
70
113
81
80
56
243
135
176
137
87
48
63
71
139
208
240
161
185
59
64
247
145
40
44
166
77
49
225
105
93
235
91
30
66
98
10
111
154
3
217
21
148
12
126
9
230
141
89
78
90
194
20
25
158
140
127
153
102
152
197
195
245
7
196
36
162
177
67
226
220
123
201
142
52
61
17
224
249
51
163
169
130
173
35
55
178
132
37
99
180
213
223
255
47
214
60
160
54
188
100
150
83
115
175
252
23
167
84
14
215
