239
229
118
234
218
176
46
160
179
187
255
39
145
3
81
172
105
137
131
26
236
28
7
113
10
135
67
164
77
215
52
216
240
8
85
169
154
226
45
86
193
166
158
170
83
70
209
96
205
141
199
227
111
206
132
27
228
231
14
143
6
211
55
139
18
23
200
15
64
48
247
188
120
197
150
203
17
130
87
104
92
82
16
235
76
245
159
79
242
189
108
110
243
102
19
42
30
128
222
163
95
244
59
210
191
25
134
97
78
54
117
99
9
103
148
204
175
94
2
100
47
129
254
144
190
186
90
174
253
214
62
61
180
109
112
192
53
146
230
5
84
173
183
29
44
119
225
184
213
251
49
65
89
177
32
152
223
217
138
178
73
168
149
114
11
171
153
69
4
124
36
207
202
98
233
219
101
185
125
91
50
37
68
12
63
38
127
93
151
133
121
126
241
22
182
195
74
107
246
155
196
250
147
41
80
136
252
57
35
106
221
115
56
122
194
224
66
0
75
238
162
208
20
237
40
60
21
157
24
142
140
58
34
165
51
212
43
220
1
13
201
72
116
71
33
198
88
31
123
248
167
232
161
181
249
156
