153
11
122
157
55
195
174
181
190
60
5
24
88
58
147
0
240
175
106
102
100
188
179
227
16
201
76
133
167
35
63
64
1
130
221
169
243
123
151
142
97
53
61
173
49
239
54
253
87
146
62
219
159
171
40
211
111
25
163
13
241
200
248
156
189
238
165
46
213
50
42
115
68
93
197
101
36
160
128
223
145
73
56
29
232
126
254
78
212
118
208
90
114
124
168
242
230
71
184
176
249
91
138
214
119
235
252
154
57
233
228
51
23
44
217
215
244
202
98
193
77
210
65
39
203
170
236
99
103
48
245
129
187
162
94
74
198
26
95
216
140
27
231
218
75
207
224
6
148
251
246
131
104
143
110
86
185
250
226
229
199
120
204
191
7
116
2
137
70
32
225
134
255
161
155
45
183
38
109
150
125
180
247
85
136
66
166
108
112
80
205
31
21
186
30
52
81
17
34
22
20
121
209
158
237
234
10
141
135
222
177
178
28
127
12
89
139
132
105
192
149
59
206
107
9
67
83
3
194
182
220
41
172
196
47
14
82
164
96
15
33
4
37
18
152
144
19
113
43
8
72
92
117
84
79
69
