69
255
52
242
122
154
75
155
116
90
140
38
50
121
163
169
203
111
137
54
10
71
159
221
93
250
70
1
57
239
173
244
23
215
20
27
158
208
25
228
60
165
118
97
66
240
202
114
37
74
152
220
13
219
241
81
19
184
33
134
11
34
16
212
249
141
2
47
115
21
117
149
147
49
139
123
87
245
230
35
102
91
24
130
247
186
178
181
14
8
9
101
79
231
80
12
227
67
185
187
3
246
6
211
166
106
229
32
113
40
68
205
209
82
63
18
196
146
119
195
65
77
189
157
252
138
72
167
190
225
218
131
128
192
168
39
206
226
223
251
15
143
176
156
248
175
213
214
61
126
235
162
0
84
96
254
62
110
188
200
48
191
145
201
59
29
142
28
108
86
53
30
199
100
36
217
127
42
237
125
238
105
197
207
222
22
4
98
120
153
234
232
179
135
44
17
193
243
136
133
198
43
92
88
182
109
107
210
164
177
174
89
58
150
94
99
55
171
85
41
45
236
112
216
31
148
64
83
26
129
233
78
103
132
51
7
204
161
180
5
253
172
151
194
76
95
160
46
183
224
124
104
170
56
73
144
