255
128
246
13
209
18
63
239
229
188
127
51
182
21
32
183
66
76
244
136
225
203
206
7
53
105
96
52
121
55
120
16
87
250
86
41
190
104
254
29
10
114
159
67
142
170
139
147
123
141
118
73
180
245
61
98
138
204
130
75
57
219
251
70
103
181
26
193
6
15
252
109
220
194
28
48
14
164
196
197
99
24
222
173
62
214
77
145
71
169
33
117
91
227
46
177
134
68
111
160
241
189
64
54
234
211
131
232
224
83
88
231
150
5
171
39
163
213
43
166
221
25
207
82
129
35
112
186
191
132
223
172
92
230
148
161
106
22
58
78
133
4
74
34
156
202
198
79
144
122
212
17
3
248
218
69
205
192
97
11
168
85
60
228
72
208
226
199
238
200
253
45
89
235
155
216
93
30
157
243
140
178
50
153
210
40
195
42
94
108
23
175
37
59
116
236
0
187
167
81
84
137
19
1
158
176
119
102
107
125
124
249
38
151
126
44
242
20
184
9
90
247
146
179
2
80
65
135
56
27
240
162
154
174
12
237
201
115
217
110
165
49
185
143
215
100
152
101
31
8
233
47
149
95
113
36
