73
22
41
104
188
242
10
118
139
228
158
208
79
243
116
161
11
241
47
80
170
185
75
55
191
3
150
166
154
130
100
223
212
95
171
232
93
18
111
42
143
155
198
27
165
31
8
26
19
125
106
46
63
206
36
217
180
64
129
44
37
227
149
117
189
105
82
190
246
96
194
178
77
86
133
109
253
192
167
193
60
59
210
74
108
235
135
245
200
127
28
30
153
146
57
122
182
43
5
176
12
238
120
138
196
205
91
131
230
97
249
124
219
4
239
25
197
23
32
233
173
211
15
148
9
147
119
38
52
179
160
29
6
136
98
221
251
94
54
20
151
163
114
121
128
248
186
156
187
110
39
53
17
69
168
181
172
237
209
229
164
71
62
207
45
203
234
141
202
14
169
252
225
137
132
222
250
215
145
254
89
0
107
142
35
67
76
85
90
214
87
78
65
218
88
240
92
50
72
84
56
1
236
175
61
16
49
99
213
123
134
24
152
162
126
177
112
83
220
70
68
204
174
102
224
81
157
58
199
195
247
184
103
51
2
226
183
48
40
13
101
140
244
115
201
216
7
144
113
34
231
21
33
66
255
159
